500
3102820132104175616
5999605486108803072
8359624914294013952
8712076321515110400
7903038793018507264
6567103459856744448
6470078956786679808
5600203442028019712
6812737913734823936
4912819880790589440
2731773389097140224
4492116534088433664
2888151286476177408
8548555704544264192
1823512654249984000
5683938328441782272
7319500716295323648
303833975158210560
5586986506955784192
8615669602245935104
6463081950402838528
6330774084837703680
7109802124933857280
8708287556917133312
7358249898354933760
5430707874860892160
2896767409631264768
6983932621503856640
5803484841148153856
3285086247655047168
4060351597899677696
100344209994678288
3166557322222764032
5130945868001705984
5027361266243469312
6857548254574280704
6394772593651482624
2164790433467596800
6253237955071049728
8133973837290143744
3125667895682531328
1101191756705169408
8848180474313441280
3059027290491977728
1004723593633857536
3075889656366104576
6007335596165431296
1053703409267376128
8231200379916779520
6130187300954439680
5587620946639847424
5136534434350104576
6217912577058406400
8475943359645483008
4807492656181542912
1903857192264531968
2991361562507214848
1750445002015637504
645561426714296320
6774235080261894144
4787990749436182528
5237451719683604480
8758303887745613824
5281833008322576384
9212115601881825280
5785594665977774080
8362869805035814912
8563776166698156032
2190707260416589824
825724230208323584
3646250556529311744
969099268717543424
6322588734017503232
3446207294314905600
3733911047346585600
7051340509716938752
6350511823942320128
5002219294344347648
1324104622406631424
8198297228167610368
5385846237079535616
3468826453963964416
3234097424561602560
1464049090147909632
8788255589508579328
6769380343435755520
7197807716373364736
1312717684852391936
1138458958151811072
7917433811850231808
1118769279731236864
7815133622209347584
3023905968523051008
5536951892451524608
8249496281320259584
6302966254655242240
5536792980809056256
6758594383475376128
6624485582288453632
3213725417571614720
1748306217823895552
3904045679877554176
6139561460067467264
1698275372153438208
2103254304566542336
360893040887332864
8801301932774785024
2299011198009475072
7532336059712012288
6902119567598813184
5446714535073284096
799922965796880384
3917897774040875008
9223372036854775337
8788947482970161152
8055714344836530176
113186703375597584
620099881331064832
4837561526799826944
1324312432251764736
7576331922280808448
2696580832948125696
4362339585376649216
7477536189730258944
1618681757630988288
2497459403859427328
4376652042052042752
6871748887481155584
4452444410801553408
3922638329161449472
1730256755201409024
8011851291246460928
522506499105226752
6924705052556787712
3250667348260028416
8565583136748994560
7911884793560694784
7195559812095016960
6639086783172706304
8445773490723749888
4081827422222155776
4344206186208296960
114537200007249936
1694988068609589248
6780541501001695232
5417057936218259456
5560855910894534656
6582982069914173440
142740682577018896
8273897742875492352
1520467252267188224
7209880933866930176
5044827867444150272
2591332433873862656
5193015315876806656
4892547085397655552
9113973595565981696
8263423550296162304
4323905241599705088
3088129572277846016
1466034170345029632
7743353221065736192
9117656057575899136
4205876452224139264
1895925512950251520
407317277965287424
2556676802323939328
5348757339052703744
432126200920408064
7290143951254716416
1699861986759671808
6512182665070772224
232036623926165504
4317759789791707136
8698741764468506624
2317756249912901632
77547335336329232
2352535847103889408
4294676898228731904
5900854751930613760
7823325314548760576
9223372036854775507
4613515345930485760
4014658555381547008
5820595146894344192
2745681837526351872
1694141343724470272
4922356812721684480
5416443019308040192
4480409237071069184
5190081266950602752
7151828794389561344
1639095657731981312
13074814604410890
2310065943465689088
5991467918947254272
731535425608351744
3665303987084591104
7824830584621891584
1606729546546020352
5289684822719987712
7069014158406057984
562732198579404800
4746412612005134336
7090275045385175040
4217394682633650176
4150429873984241664
7418845266209406976
6328920935298498560
8613650334109138944
3438088571322368000
1090861557199405056
2241759069205430272
8208912787448004608
2602892754962874368
1620386625571782656
7942791434057285632
2700654570773676032
2052164137424781312
8018961968234758144
3307157846218506240
5880230574525775872
3966351990904061952
5275216641267859456
3640501538792669184
8480896023873454080
8316347842419490816
2215144282153549824
1805566990249623552
6640531363210461184
6426160633409961984
7371544681856892928
8725008130888433664
8752368788403388416
3657435480296783872
2756943596111265792
7670469393431658496
7785445558423912448
3790630101989720064
1937601809711366144
2267406891615256576
8683764713143664640
89469741495746576
182395336084422656
2103184794815823872
5354023565958053888
6805978818474409984
7648403045465718784
4039149375878856704
4790437053286318080
2477957439132008448
2000537956216995840
1263767558180306944
9169116420833804288
7746730298016006144
6106013554270273536
8301881711814246400
6895859017109733376
7459986356358348800
7391870116369006592
7326923918726397952
9192995695970222080
5007128912262594560
8255537532926689280
376629818239746048
6742690645711781888
6010165165717192704
2376290688447807488
930407237640257536
354128456658714624
1660529384932507648
7944099582311399424
5268820601740460032
9030249687088627712
5495038152718417920
7157761331783794688
2886872565190492160
3656894383136964608
3520178029995229184
4231930157633372160
4545626363398193152
5504514461186129920
3012223891553648640
1142707432426831872
340794494465081344
1075270570364370944
200976702489231360
3976600729912606720
6112803145945972736
9083072489134751744
1836188603831549952
6932333719780851712
8473372931240493056
6333368766923014144
9223372036854775399
3881890054573916160
1346412416254083072
4349757710611251200
1863728458119512064
7689559814392774656
2599810622006755328
2111861955898638336
6707309308570238976
872497959512571904
7989635158443556864
970036763441496064
6176643984362831872
594022987393400832
3785929593144213504
3997219242255581184
2555909811359186944
7761538477669220352
6111367703451140096
3960020305019142144
5804040906268999680
4873111692663324672
2788371095881777152
7826593473275887616
4723535022026391552
2085685092302192640
5058522372814929920
8004120809675161600
2982076639929696256
3352499633426268160
323641803834130432
3135678901808791552
1433440355025420288
5183220024482988032
7138901937113530368
4178631191890493440
3167758719064735744
8753397570509733888
1428079514285506560
8255911824294150144
7769857230173634560
8319608051162152960
8632640343029841920
143730008966299664
4993773043588268032
674081545010544640
5713982097123704832
7665720248376492032
5871841335165583360
3813476403131711488
5191531542114992128
4861627072520388608
2508508855768449024
7314464121963937792
7269779271478935552
9162495786729078784
6931161786414530560
6837284328288813056
4375046484492550144
6391379820743229440
6765403231636946944
2881979946752802816
585622387844710400
6784805299720028160
5146048340961525760
1930718970000703488
1494493040260153344
5036539308559826944
3667807965903060992
221469052315369472
8926740517841010688
6805801846494461952
4589941677044531200
7203234145558855680
6552863693355352064
5663381476796792832
1497814357797502976
2838822388785741824
4809014442551410688
4403775284512292864
4116908650671374336
5972528867666034688
7968503696008937472
2290129656612913152
1001774860214468608
2050606432243417088
4907841960007434240
2138445039649423360
5947003237075779584
1222564231807762432
219809844171898880
4782691258009124864
74793984274202640
3392478310003900416
8975822697577578496
2134522585604423680
6680399072865550336
9118531301043863552
809811451538571264
5309246921284517888
8403492952193630208
6920044596428800000
8942105666705686528
1948987231142150144
1133964246959259648
3587455778551758848
3582486312411725824
1562483755535302656
7200892855806590976
4004960386083192832
2102414312042659840
6871548398407778304
4686305167467872256
5197891849661972480
7434281591272112128
5299136381438656512
6427399100114665472
2125260383403900928
9223372036854775643
1989361341063757824
8969861652337917952
6632083482514292736
9223372036854775417
830095965749772288
491720927294259200
7362760728559747072
8489905553147953152
200049979543257088
8331463797281652736
4432009291414634496
9223372036854775783
2788222640337190912
8155931649285029888
733765428463009792
1236284146205065216
2088100249049497600
5271794772103659520
7809361123886497792
6331827932373188608
1225695937276411904
6875048249145688064
7545930118682640384
2186155282277597184
8739761212553691136
1443688230745538560
3822454458885865472
223050298212483072
7094082546777980928
7567103910167445504
2510519016427094016
2965235336575188992
1170112691029671936
6123396721436262400
9223372036854775549
7656565572829708288
5153918512049160192
5646739694000537600
224511624327725056
3624656554034200576
6556617451822383104
4620695863381983232
6936589950766809088
8309814967381524480
2098354071151837184
522510411820433408
5144274139363672064
699002873702252544
6912354403798220800
1480938692557144064
6012260787635093504
2174672755931217920
5551569416358985728
5292130699220877312
5026391350958882816
9223372036854775351
1662339425884962816
6603242444261687296
8101726980166123520
8444915446452322304
3532441308381577216
1842297909194784768
7456039133236953088
5177763700177633280
4121268345272008704
6608092770156412928
2521626785402060800
8911840161747173376
2051425132466929664
309784989501751296
1198455979079892992
6582984835873112064
934943489756495872
9223372036854775433
6869496802052145152
5614279785023799296
3625377803597250560
8727338230103408640
2341186441121366016
9223372036854775421
3152202319601336320
148982453321596928
2048202395166441472
2988886662764822528
7743177906943164416
8603019682313666560
3224358375764525056
