500
67280421310721
67280421310759
67280421310771
67280421310783
67280421310813
67280421310873
67280421310877
67280421310909
67280421310913
67280421310987
67280421311011
67280421311057
67280421311069
67280421311087
67280421311119
67280421311123
67280421311149
67280421311153
67280421311351
67280421311371
67280421311407
67280421311417
67280421311429
67280421311431
67280421311443
67280421311479
67280421311489
67280421311497
67280421311533
67280421311561
67280421311581
67280421311639
67280421311659
67280421311729
67280421311731
67280421311767
67280421311813
67280421311827
67280421311833
67280421311837
67280421311843
67280421311849
67280421311879
67280421311947
67280421311981
67280421312007
67280421312031
67280421312107
67280421312133
67280421312163
67280421312199
67280421312229
67280421312263
67280421312301
67280421312323
67280421312329
67280421312331
67280421312337
67280421312343
67280421312373
67280421312397
67280421312407
67280421312427
67280421312457
67280421312473
67280421312527
67280421312539
67280421312617
67280421312641
67280421312653
67280421312677
67280421312703
67280421312719
67280421312721
67280421312739
67280421312761
67280421312791
67280421312829
67280421312847
67280421312883
67280421312887
67280421312941
67280421312953
67280421312967
67280421313043
67280421313139
67280421313151
67280421313159
67280421313163
67280421313169
67280421313309
67280421313319
67280421313327
67280421313333
67280421313397
67280421313423
67280421313477
67280421313519
67280421313531
67280421313549
67280421313613
67280421313619
67280421313663
67280421313673
67280421313747
67280421313759
67280421313771
67280421313789
67280421313799
67280421313811
67280421313849
67280421313873
67280421313901
67280421313909
67280421313921
67280421314063
67280421314081
67280421314131
67280421314143
67280421314149
67280421314167
67280421314207
67280421314231
67280421314261
67280421314263
67280421314273
67280421314347
67280421314369
67280421314413
67280421314441
67280421314453
67280421314489
67280421314497
67280421314543
67280421314549
67280421314563
67280421314569
67280421314573
67280421314591
67280421314599
67280421314611
67280421314749
67280421314783
67280421314789
67280421314831
67280421314891
67280421314957
67280421314993
67280421314999
67280421315001
67280421315047
67280421315049
67280421315067
67280421315109
67280421315181
67280421315209
67280421315223
67280421315269
67280421315287
67280421315293
67280421315301
67280421315329
67280421315379
67280421315403
67280421315427
67280421315431
67280421315473
67280421315517
67280421315529
67280421315551
67280421315553
67280421315623
67280421315631
67280421315641
67280421315661
67280421315743
67280421315797
67280421315803
67280421315847
67280421315851
67280421315869
67280421315871
67280421315883
67280421315893
67280421315931
67280421315971
67280421315997
67280421316027
67280421316117
67280421316187
67280421316189
67280421316253
67280421316289
67280421316307
67280421316369
67280421316391
67280421316403
67280421316429
67280421316457
67280421316487
67280421316513
67280421316543
67280421316547
67280421316573
67280421316583
67280421316607
67280421316631
67280421316673
67280421316739
67280421316741
67280421316847
67280421316891
67280421316897
67280421316949
67280421316957
67280421316963
67280421316981
67280421316993
67280421317029
67280421317041
67280421317071
67280421317119
67280421317129
67280421317141
67280421317231
67280421317233
67280421317237
67280421317251
67280421317299
67280421317309
67280421317323
67280421317381
67280421317449
67280421317467
67280421317471
67280421317491
67280421317507
67280421317633
67280421317651
67280421317749
67280421317761
67280421317779
67280421317827
67280421317849
67280421317861
67280421317881
67280421317897
67280421317909
67280421317917
67280421317939
67280421317951
67280421317959
67280421317981
67280421318013
67280421318031
67280421318037
67280421318059
67280421318083
67280421318101
67280421318157
67280421318197
67280421318221
67280421318239
67280421318311
67280421318323
67280421318343
67280421318359
67280421318433
67280421318469
67280421318491
67280421318511
67280421318589
67280421318629
67280421318631
67280421318667
67280421318673
67280421318689
67280421318713
67280421318787
67280421318793
67280421318797
67280421318839
67280421318889
67280421318893
67280421318911
67280421318953
67280421318961
67280421318967
67280421318973
67280421319031
67280421319091
67280421319099
67280421319109
67280421319129
67280421319207
67280421319211
67280421319229
67280421319373
67280421319379
67280421319421
67280421319471
67280421319487
67280421319547
67280421319591
67280421319633
67280421319663
67280421319667
67280421319703
67280421319711
67280421319723
67280421319747
67280421319751
67280421319759
67280421319789
67280421319799
67280421319807
67280421319883
67280421319897
67280421319901
67280421319961
67280421319997
67280421319999
67280421320029
67280421320083
67280421320093
67280421320107
67280421320111
67280421320141
67280421320209
67280421320243
67280421320267
67280421320293
67280421320369
67280421320447
67280421320507
67280421320521
67280421320527
67280421320531
67280421320627
67280421320677
67280421320699
67280421320737
67280421320743
67280421320767
67280421320771
67280421320813
67280421320863
67280421320909
67280421320911
67280421320921
67280421320927
67280421320951
67280421320969
67280421320993
67280421321023
67280421321109
67280421321149
67280421321173
67280421321221
67280421321227
67280421321473
67280421321479
67280421321493
67280421321499
67280421321523
67280421321557
67280421321629
67280421321647
67280421321661
67280421321679
67280421321709
67280421321713
67280421321721
67280421321937
67280421321979
67280421321989
67280421322013
67280421322027
67280421322091
67280421322159
67280421322181
67280421322241
67280421322253
67280421322321
67280421322393
67280421322399
67280421322403
67280421322453
67280421322489
67280421322507
67280421322657
67280421322691
67280421322717
67280421322733
67280421322757
67280421322813
67280421322853
67280421322967
67280421323099
67280421323173
67280421323179
67280421323221
67280421323237
67280421323251
67280421323263
67280421323273
67280421323321
67280421323369
67280421323377
67280421323449
67280421323497
67280421323501
67280421323509
67280421323543
67280421323561
67280421323573
67280421323653
67280421323659
67280421323719
67280421323743
67280421323761
67280421323771
67280421323839
67280421323849
67280421323867
67280421323873
67280421323879
67280421323887
67280421323917
67280421324029
67280421324031
67280421324071
67280421324119
67280421324131
67280421324143
67280421324167
67280421324169
67280421324199
67280421324211
67280421324223
67280421324239
67280421324257
67280421324269
67280421324323
67280421324341
67280421324349
67280421324373
67280421324377
67280421324433
67280421324449
67280421324451
67280421324497
67280421324509
67280421324511
67280421324527
67280421324539
67280421324541
67280421324547
67280421324593
67280421324617
67280421324661
67280421324689
67280421324713
67280421324719
67280421324757
67280421324821
67280421324827
67280421324841
67280421324877
67280421324899
67280421324929
67280421324971
67280421325049
67280421325123
67280421325181
67280421325189
67280421325207
67280421325213
67280421325259
67280421325277
67280421325283
67280421325297
67280421325319
67280421325333
67280421325349
67280421325361
67280421325391
67280421325487
67280421325511
67280421325567
67280421325597
67280421325613
67280421325639
67280421325669
67280421325681
67280421325813
67280421325903
67280421325907
67280421325919
67280421325921
